BRYAN Clark-Y mod. (aus Rippe 24.a + Nasenleiste 25 fertig, t/c 0.0986)
 1.000000  0.000000
 0.999615  0.006906
 0.998459  0.007145
 0.996534  0.007544
 0.993844  0.008102
 0.990393  0.008817
 0.986185  0.009690
 0.981228  0.010717
 0.975528  0.011899
 0.969096  0.013232
 0.961940  0.014698
 0.954072  0.016228
 0.945503  0.017894
 0.936248  0.019694
 0.926320  0.021610
 0.915735  0.023500
 0.904508  0.025505
 0.892658  0.027621
 0.880203  0.029681
 0.867161  0.031795
 0.853553  0.034000
 0.839400  0.036133
 0.824724  0.038333
 0.809547  0.040528
 0.793893  0.042623
 0.777785  0.044780
 0.761249  0.046993
 0.744311  0.049022
 0.726995  0.051006
 0.709330  0.053030
 0.691342  0.055090
 0.673059  0.057180
 0.654508  0.059036
 0.635720  0.060700
 0.616723  0.062383
 0.597545  0.064082
 0.578217  0.065486
 0.558769  0.066813
 0.539230  0.068146
 0.519630  0.069484
 0.500000  0.070591
 0.480370  0.071574
 0.460770  0.072555
 0.441231  0.073518
 0.421783  0.074075
 0.402455  0.074628
 0.383277  0.075178
 0.364280  0.075722
 0.345492  0.076218
 0.326941  0.076700
 0.308658  0.076353
 0.290670  0.075818
 0.273005  0.075105
 0.255689  0.074237
 0.238751  0.073165
 0.222215  0.071809
 0.206107  0.070368
 0.190453  0.068807
 0.175276  0.066815
 0.160600  0.064853
 0.146447  0.062442
 0.132839  0.060124
 0.119797  0.057638
 0.107342  0.054918
 0.095492  0.051797
 0.084265  0.048760
 0.073680  0.045476
 0.063752  0.042038
 0.054497  0.038420
 0.045928  0.034839
 0.038060  0.031115
 0.030904  0.027536
 0.024472  0.024135
 0.018772  0.020740
 0.013815  0.017559
 0.009607  0.014285
 0.006156  0.011472
 0.003466  0.008388
 0.001541  0.005244
 0.000385  0.001762
 0.000000  0.000000
 0.000385  -0.002845
 0.001541  -0.005897
 0.003466  -0.008838
 0.006156  -0.011439
 0.009607  -0.013364
 0.013815  -0.014988
 0.018772  -0.016902
 0.024472  -0.018621
 0.030904  -0.019967
 0.038060  -0.021136
 0.045928  -0.021982
 0.054497  -0.022617
 0.063752  -0.023303
 0.073680  -0.024039
 0.084265  -0.024823
 0.095492  -0.025168
 0.107342  -0.025515
 0.119797  -0.025880
 0.132839  -0.026104
 0.146447  -0.026052
 0.160600  -0.025998
 0.175276  -0.025748
 0.190453  -0.025356
 0.206107  -0.024951
 0.222215  -0.024534
 0.238751  -0.024107
 0.255689  -0.023669
 0.273005  -0.023221
 0.290670  -0.022764
 0.308658  -0.022255
 0.326941  -0.021670
 0.345492  -0.021077
 0.364280  -0.020476
 0.383277  -0.019868
 0.402455  -0.019255
 0.421783  -0.018637
 0.441231  -0.018015
 0.460770  -0.017389
 0.480370  -0.016763
 0.500000  -0.016135
 0.519630  -0.015507
 0.539230  -0.014880
 0.558769  -0.014255
 0.578217  -0.013633
 0.597545  -0.013014
 0.616723  -0.012401
 0.635720  -0.011793
 0.654508  -0.011192
 0.673059  -0.010599
 0.691342  -0.010014
 0.709330  -0.009438
 0.726995  -0.008873
 0.744311  -0.008319
 0.761249  -0.007777
 0.777785  -0.007238
 0.793893  -0.006714
 0.809547  -0.006204
 0.824724  -0.005709
 0.839400  -0.005231
 0.853553  -0.004770
 0.867161  -0.004327
 0.880203  -0.003902
 0.892658  -0.003497
 0.904508  -0.003111
 0.915735  -0.002745
 0.926320  -0.002400
 0.936248  -0.002077
 0.945503  -0.001775
 0.954072  -0.001496
 0.961940  -0.001240
 0.969096  -0.001007
 0.975528  -0.000797
 0.981228  -0.000611
 0.986185  -0.000450
 0.990393  -0.000313
 0.993844  -0.000201
 0.996534  -0.000113
 0.998459  -0.000050
 0.999615  -0.000013
 1.000000  0.000000
