BRYAN Leitwerk ebene Balsaplatte 2 mm (t/c 0.02 bezogen auf 100 mm; absolute Dicke im Konstruktionsprofil)
 1.000000  0.000000
 0.998459  0.005334
 0.993844  0.009232
 0.986185  0.010000
 0.975528  0.010000
 0.961940  0.010000
 0.945503  0.010000
 0.926320  0.010000
 0.904508  0.010000
 0.880203  0.010000
 0.853553  0.010000
 0.824724  0.010000
 0.793893  0.010000
 0.761249  0.010000
 0.726995  0.010000
 0.691342  0.010000
 0.654508  0.010000
 0.616723  0.010000
 0.578217  0.010000
 0.539230  0.010000
 0.500000  0.010000
 0.460770  0.010000
 0.421783  0.010000
 0.383277  0.010000
 0.345492  0.010000
 0.308658  0.010000
 0.273005  0.010000
 0.238751  0.010000
 0.206107  0.010000
 0.175276  0.010000
 0.146447  0.010000
 0.119797  0.010000
 0.095492  0.010000
 0.073680  0.010000
 0.054497  0.010000
 0.038060  0.010000
 0.024472  0.010000
 0.013815  0.010000
 0.006156  0.009232
 0.001541  0.005334
 0.000000  0.000000
 0.001541  -0.005334
 0.006156  -0.009232
 0.013815  -0.010000
 0.024472  -0.010000
 0.038060  -0.010000
 0.054497  -0.010000
 0.073680  -0.010000
 0.095492  -0.010000
 0.119797  -0.010000
 0.146447  -0.010000
 0.175276  -0.010000
 0.206107  -0.010000
 0.238751  -0.010000
 0.273005  -0.010000
 0.308658  -0.010000
 0.345492  -0.010000
 0.383277  -0.010000
 0.421783  -0.010000
 0.460770  -0.010000
 0.500000  -0.010000
 0.539230  -0.010000
 0.578217  -0.010000
 0.616723  -0.010000
 0.654508  -0.010000
 0.691342  -0.010000
 0.726995  -0.010000
 0.761249  -0.010000
 0.793893  -0.010000
 0.824724  -0.010000
 0.853553  -0.010000
 0.880203  -0.010000
 0.904508  -0.010000
 0.926320  -0.010000
 0.945503  -0.010000
 0.961940  -0.010000
 0.975528  -0.010000
 0.986185  -0.010000
 0.993844  -0.009232
 0.998459  -0.005334
 1.000000  -0.000000
