SNACK SLW Platte z 153.0
1.000000 0.000000
0.998459 0.105038
0.993844 0.105038
0.986185 0.105038
0.975528 0.105038
0.961940 0.105038
0.945503 0.105038
0.926320 0.105038
0.904508 0.105038
0.880203 0.105038
0.853553 0.105038
0.824724 0.105038
0.793893 0.105038
0.761249 0.105038
0.726995 0.105038
0.691342 0.105038
0.654508 0.105038
0.616723 0.105038
0.578217 0.105038
0.539230 0.105038
0.500000 0.105038
0.460770 0.105038
0.421783 0.105038
0.383277 0.105038
0.345492 0.105038
0.308658 0.105038
0.273005 0.105038
0.238751 0.105038
0.206107 0.105038
0.175276 0.105038
0.146447 0.105038
0.119797 0.105038
0.095492 0.105038
0.073680 0.105038
0.054497 0.105038
0.038060 0.105038
0.024472 0.105038
0.013815 0.105038
0.006156 0.105038
0.001541 0.105038
0.000000 0.105038
0.001541 -0.105038
0.006156 -0.105038
0.013815 -0.105038
0.024472 -0.105038
0.038060 -0.105038
0.054497 -0.105038
0.073680 -0.105038
0.095492 -0.105038
0.119797 -0.105038
0.146447 -0.105038
0.175276 -0.105038
0.206107 -0.105038
0.238751 -0.105038
0.273005 -0.105038
0.308658 -0.105038
0.345492 -0.105038
0.383277 -0.105038
0.421783 -0.105038
0.460770 -0.105038
0.500000 -0.105038
0.539230 -0.105038
0.578217 -0.105038
0.616723 -0.105038
0.654508 -0.105038
0.691342 -0.105038
0.726995 -0.105038
0.761249 -0.105038
0.793893 -0.105038
0.824724 -0.105038
0.853553 -0.105038
0.880203 -0.105038
0.904508 -0.105038
0.926320 -0.105038
0.945503 -0.105038
0.961940 -0.105038
0.975528 -0.105038
0.986185 -0.105038
0.993844 -0.105038
0.998459 -0.105038
1.000000 0.000000
