SNACK Fluegel y 321.8
1.000000 0.019483
0.998459 0.019599
0.993844 0.019946
0.986185 0.020522
0.975528 0.021323
0.961940 0.022344
0.945503 0.023580
0.926320 0.025022
0.904508 0.026661
0.880203 0.028488
0.853553 0.030491
0.824724 0.032658
0.793893 0.034975
0.761249 0.037429
0.726995 0.040004
0.691342 0.042683
0.654508 0.045452
0.616723 0.048292
0.578217 0.051186
0.539230 0.054117
0.500000 0.057065
0.460770 0.060014
0.421783 0.062886
0.383277 0.065385
0.345492 0.067686
0.308658 0.069575
0.273005 0.071188
0.238751 0.072466
0.206107 0.073441
0.175276 0.074309
0.146447 0.075015
0.119797 0.075072
0.095492 0.074877
0.073680 0.074702
0.054497 0.074548
0.038060 0.074416
0.024472 0.061338
0.013815 0.036241
0.006156 0.018203
0.001541 0.005093
0.000000 0.000000
0.001541 -0.000030
0.006156 -0.000120
0.013815 -0.000269
0.024472 -0.000477
0.038060 -0.000741
0.054497 -0.001061
0.073680 -0.001435
0.095492 -0.001859
0.119797 -0.002332
0.146447 -0.002851
0.175276 -0.003412
0.206107 -0.004013
0.238751 -0.004648
0.273005 -0.005315
0.308658 -0.006009
0.345492 -0.006726
0.383277 -0.007461
0.421783 -0.008211
0.460770 -0.008970
0.500000 -0.009733
0.539230 -0.010497
0.578217 -0.011256
0.616723 -0.012006
0.654508 -0.012741
0.691342 -0.013458
0.726995 -0.014152
0.761249 -0.014819
0.793893 -0.015454
0.824724 -0.016055
0.853553 -0.016616
0.880203 -0.017134
0.904508 -0.017608
0.926320 -0.018032
0.945503 -0.018406
0.961940 -0.018726
0.975528 -0.018990
0.986185 -0.019198
0.993844 -0.019347
0.998459 -0.019436
1.000000 0.000000
