SNACK SLW Platte z 151.2
1.000000 0.000000
0.998459 0.038011
0.993844 0.038011
0.986185 0.038011
0.975528 0.038011
0.961940 0.038011
0.945503 0.038011
0.926320 0.038011
0.904508 0.038011
0.880203 0.038011
0.853553 0.038011
0.824724 0.038011
0.793893 0.038011
0.761249 0.038011
0.726995 0.038011
0.691342 0.038011
0.654508 0.038011
0.616723 0.038011
0.578217 0.038011
0.539230 0.038011
0.500000 0.038011
0.460770 0.038011
0.421783 0.038011
0.383277 0.038011
0.345492 0.038011
0.308658 0.038011
0.273005 0.038011
0.238751 0.038011
0.206107 0.038011
0.175276 0.038011
0.146447 0.038011
0.119797 0.038011
0.095492 0.038011
0.073680 0.038011
0.054497 0.038011
0.038060 0.038011
0.024472 0.038011
0.013815 0.038011
0.006156 0.038011
0.001541 0.038011
0.000000 0.038011
0.001541 -0.038011
0.006156 -0.038011
0.013815 -0.038011
0.024472 -0.038011
0.038060 -0.038011
0.054497 -0.038011
0.073680 -0.038011
0.095492 -0.038011
0.119797 -0.038011
0.146447 -0.038011
0.175276 -0.038011
0.206107 -0.038011
0.238751 -0.038011
0.273005 -0.038011
0.308658 -0.038011
0.345492 -0.038011
0.383277 -0.038011
0.421783 -0.038011
0.460770 -0.038011
0.500000 -0.038011
0.539230 -0.038011
0.578217 -0.038011
0.616723 -0.038011
0.654508 -0.038011
0.691342 -0.038011
0.726995 -0.038011
0.761249 -0.038011
0.793893 -0.038011
0.824724 -0.038011
0.853553 -0.038011
0.880203 -0.038011
0.904508 -0.038011
0.926320 -0.038011
0.945503 -0.038011
0.961940 -0.038011
0.975528 -0.038011
0.986185 -0.038011
0.993844 -0.038011
0.998459 -0.038011
1.000000 0.000000
