SNACK Fluegel y 312.0
1.000000 0.000000
0.998459 0.015924
0.993844 0.016223
0.986185 0.016718
0.975528 0.017407
0.961940 0.018287
0.945503 0.019350
0.926320 0.020591
0.904508 0.022002
0.880203 0.023574
0.853553 0.025299
0.824724 0.027164
0.793893 0.029158
0.761249 0.031270
0.726995 0.033486
0.691342 0.035793
0.654508 0.038176
0.616723 0.040620
0.578217 0.043111
0.539230 0.045634
0.500000 0.048172
0.460770 0.050710
0.421783 0.053232
0.383277 0.054639
0.345492 0.055564
0.308658 0.056319
0.273005 0.056700
0.238751 0.056872
0.206107 0.056623
0.175276 0.055660
0.146447 0.054019
0.119797 0.052502
0.095492 0.051119
0.073680 0.049877
0.054497 0.048785
0.038060 0.047850
0.024472 0.047076
0.013815 0.035996
0.006156 0.019406
0.001541 0.009412
0.000000 0.000000
0.001541 -0.002971
0.006156 -0.003030
0.013815 -0.003129
0.024472 -0.003266
0.038060 -0.003441
0.054497 -0.003652
0.073680 -0.003899
0.095492 -0.004180
0.119797 -0.004492
0.146447 -0.004835
0.175276 -0.005206
0.206107 -0.005603
0.238751 -0.006023
0.273005 -0.006464
0.308658 -0.006922
0.345492 -0.007396
0.383277 -0.007882
0.421783 -0.008378
0.460770 -0.008879
0.500000 -0.009384
0.539230 -0.009889
0.578217 -0.010390
0.616723 -0.010886
0.654508 -0.011372
0.691342 -0.011846
0.726995 -0.012304
0.761249 -0.012745
0.793893 -0.013165
0.824724 -0.013562
0.853553 -0.013933
0.880203 -0.014276
0.904508 -0.014588
0.926320 -0.014869
0.945503 -0.015116
0.961940 -0.015327
0.975528 -0.015502
0.986185 -0.015639
0.993844 -0.015738
0.998459 -0.015797
1.000000 0.000000
