SNACK SLW Platte z 142.6
1.000000 0.000000
0.998459 0.018989
0.993844 0.018989
0.986185 0.018989
0.975528 0.018989
0.961940 0.018989
0.945503 0.018989
0.926320 0.018989
0.904508 0.018989
0.880203 0.018989
0.853553 0.018989
0.824724 0.018989
0.793893 0.018989
0.761249 0.018989
0.726995 0.018989
0.691342 0.018989
0.654508 0.018989
0.616723 0.018989
0.578217 0.018989
0.539230 0.018989
0.500000 0.018989
0.460770 0.018989
0.421783 0.018989
0.383277 0.018989
0.345492 0.018989
0.308658 0.018989
0.273005 0.018989
0.238751 0.018989
0.206107 0.018989
0.175276 0.018989
0.146447 0.018989
0.119797 0.018989
0.095492 0.018989
0.073680 0.018989
0.054497 0.018989
0.038060 0.018989
0.024472 0.018989
0.013815 0.018989
0.006156 0.018989
0.001541 0.018989
0.000000 0.018989
0.001541 -0.018989
0.006156 -0.018989
0.013815 -0.018989
0.024472 -0.018989
0.038060 -0.018989
0.054497 -0.018989
0.073680 -0.018989
0.095492 -0.018989
0.119797 -0.018989
0.146447 -0.018989
0.175276 -0.018989
0.206107 -0.018989
0.238751 -0.018989
0.273005 -0.018989
0.308658 -0.018989
0.345492 -0.018989
0.383277 -0.018989
0.421783 -0.018989
0.460770 -0.018989
0.500000 -0.018989
0.539230 -0.018989
0.578217 -0.018989
0.616723 -0.018989
0.654508 -0.018989
0.691342 -0.018989
0.726995 -0.018989
0.761249 -0.018989
0.793893 -0.018989
0.824724 -0.018989
0.853553 -0.018989
0.880203 -0.018989
0.904508 -0.018989
0.926320 -0.018989
0.945503 -0.018989
0.961940 -0.018989
0.975528 -0.018989
0.986185 -0.018989
0.993844 -0.018989
0.998459 -0.018989
1.000000 0.000000
