SNACK SLW Platte z 152.8
1.000000 0.000000
0.998459 0.076387
0.993844 0.076387
0.986185 0.076387
0.975528 0.076387
0.961940 0.076387
0.945503 0.076387
0.926320 0.076387
0.904508 0.076387
0.880203 0.076387
0.853553 0.076387
0.824724 0.076387
0.793893 0.076387
0.761249 0.076387
0.726995 0.076387
0.691342 0.076387
0.654508 0.076387
0.616723 0.076387
0.578217 0.076387
0.539230 0.076387
0.500000 0.076387
0.460770 0.076387
0.421783 0.076387
0.383277 0.076387
0.345492 0.076387
0.308658 0.076387
0.273005 0.076387
0.238751 0.076387
0.206107 0.076387
0.175276 0.076387
0.146447 0.076387
0.119797 0.076387
0.095492 0.076387
0.073680 0.076387
0.054497 0.076387
0.038060 0.076387
0.024472 0.076387
0.013815 0.076387
0.006156 0.076387
0.001541 0.076387
0.000000 0.076387
0.001541 -0.076387
0.006156 -0.076387
0.013815 -0.076387
0.024472 -0.076387
0.038060 -0.076387
0.054497 -0.076387
0.073680 -0.076387
0.095492 -0.076387
0.119797 -0.076387
0.146447 -0.076387
0.175276 -0.076387
0.206107 -0.076387
0.238751 -0.076387
0.273005 -0.076387
0.308658 -0.076387
0.345492 -0.076387
0.383277 -0.076387
0.421783 -0.076387
0.460770 -0.076387
0.500000 -0.076387
0.539230 -0.076387
0.578217 -0.076387
0.616723 -0.076387
0.654508 -0.076387
0.691342 -0.076387
0.726995 -0.076387
0.761249 -0.076387
0.793893 -0.076387
0.824724 -0.076387
0.853553 -0.076387
0.880203 -0.076387
0.904508 -0.076387
0.926320 -0.076387
0.945503 -0.076387
0.961940 -0.076387
0.975528 -0.076387
0.986185 -0.076387
0.993844 -0.076387
0.998459 -0.076387
1.000000 0.000000
