SNACK SLW Platte z 78.1
1.000000 0.000000
0.998459 0.006942
0.993844 0.006942
0.986185 0.006942
0.975528 0.006942
0.961940 0.006942
0.945503 0.006942
0.926320 0.006942
0.904508 0.006942
0.880203 0.006942
0.853553 0.006942
0.824724 0.006942
0.793893 0.006942
0.761249 0.006942
0.726995 0.006942
0.691342 0.006942
0.654508 0.006942
0.616723 0.006942
0.578217 0.006942
0.539230 0.006942
0.500000 0.006942
0.460770 0.006942
0.421783 0.006942
0.383277 0.006942
0.345492 0.006942
0.308658 0.006942
0.273005 0.006942
0.238751 0.006942
0.206107 0.006942
0.175276 0.006942
0.146447 0.006942
0.119797 0.006942
0.095492 0.006942
0.073680 0.006942
0.054497 0.006942
0.038060 0.006942
0.024472 0.006942
0.013815 0.006942
0.006156 0.006942
0.001541 0.006942
0.000000 0.006942
0.001541 -0.006942
0.006156 -0.006942
0.013815 -0.006942
0.024472 -0.006942
0.038060 -0.006942
0.054497 -0.006942
0.073680 -0.006942
0.095492 -0.006942
0.119797 -0.006942
0.146447 -0.006942
0.175276 -0.006942
0.206107 -0.006942
0.238751 -0.006942
0.273005 -0.006942
0.308658 -0.006942
0.345492 -0.006942
0.383277 -0.006942
0.421783 -0.006942
0.460770 -0.006942
0.500000 -0.006942
0.539230 -0.006942
0.578217 -0.006942
0.616723 -0.006942
0.654508 -0.006942
0.691342 -0.006942
0.726995 -0.006942
0.761249 -0.006942
0.793893 -0.006942
0.824724 -0.006942
0.853553 -0.006942
0.880203 -0.006942
0.904508 -0.006942
0.926320 -0.006942
0.945503 -0.006942
0.961940 -0.006942
0.975528 -0.006942
0.986185 -0.006942
0.993844 -0.006942
0.998459 -0.006942
1.000000 0.000000
