SNACK SLW Platte z 66.1
1.000000 0.000000
0.998459 0.016895
0.993844 0.016894
0.986185 0.016893
0.975528 0.016892
0.961940 0.016890
0.945503 0.016888
0.926320 0.016885
0.904508 0.016882
0.880203 0.016879
0.853553 0.016875
0.824724 0.016872
0.793893 0.016867
0.761249 0.016863
0.726995 0.016858
0.691342 0.016854
0.654508 0.016849
0.616723 0.016844
0.578217 0.016838
0.539230 0.016833
0.500000 0.016828
0.460770 0.016823
0.421783 0.016817
0.383277 0.016812
0.345492 0.016807
0.308658 0.016802
0.273005 0.016797
0.238751 0.016793
0.206107 0.016788
0.175276 0.016784
0.146447 0.016780
0.119797 0.016777
0.095492 0.016774
0.073680 0.016771
0.054497 0.016768
0.038060 0.016766
0.024472 0.016764
0.013815 0.016763
0.006156 0.016762
0.001541 0.016761
0.000000 0.016761
0.001541 -0.016764
0.006156 -0.016772
0.013815 -0.016787
0.024472 -0.016806
0.038060 -0.016832
0.054497 -0.016862
0.073680 -0.016898
0.095492 -0.016939
0.119797 -0.016984
0.146447 -0.017010
0.175276 -0.017006
0.206107 -0.017002
0.238751 -0.016997
0.273005 -0.016993
0.308658 -0.016988
0.345492 -0.016983
0.383277 -0.016978
0.421783 -0.016973
0.460770 -0.016968
0.500000 -0.016962
0.539230 -0.016957
0.578217 -0.016952
0.616723 -0.016947
0.654508 -0.016942
0.691342 -0.016937
0.726995 -0.016932
0.761249 -0.016927
0.793893 -0.016923
0.824724 -0.016919
0.853553 -0.016915
0.880203 -0.016911
0.904508 -0.016908
0.926320 -0.016905
0.945503 -0.016902
0.961940 -0.016900
0.975528 -0.016898
0.986185 -0.016897
0.993844 -0.016896
0.998459 -0.016895
1.000000 -0.016895
