SNACK SLW Platte z 58.6
1.000000 0.000000
0.998459 0.115195
0.993844 0.115195
0.986185 0.115195
0.975528 0.115195
0.961940 0.115195
0.945503 0.115195
0.926320 0.115195
0.904508 0.115195
0.880203 0.115195
0.853553 0.115195
0.824724 0.115195
0.793893 0.115195
0.761249 0.115195
0.726995 0.115195
0.691342 0.115195
0.654508 0.115195
0.616723 0.115195
0.578217 0.115195
0.539230 0.115195
0.500000 0.115195
0.460770 0.115195
0.421783 0.115195
0.383277 0.115195
0.345492 0.115195
0.308658 0.115195
0.273005 0.115195
0.238751 0.115195
0.206107 0.115195
0.175276 0.115195
0.146447 0.115195
0.119797 0.115195
0.095492 0.115195
0.073680 0.115195
0.054497 0.115195
0.038060 0.115195
0.024472 0.115195
0.013815 0.115195
0.006156 0.115195
0.001541 0.115195
0.000000 0.115195
0.001541 -0.115195
0.006156 -0.115195
0.013815 -0.115195
0.024472 -0.115195
0.038060 -0.115195
0.054497 -0.115195
0.073680 -0.115195
0.095492 -0.115195
0.119797 -0.115195
0.146447 -0.115195
0.175276 -0.115195
0.206107 -0.115195
0.238751 -0.115195
0.273005 -0.115195
0.308658 -0.115195
0.345492 -0.115195
0.383277 -0.115195
0.421783 -0.115195
0.460770 -0.115195
0.500000 -0.115195
0.539230 -0.115195
0.578217 -0.115195
0.616723 -0.115195
0.654508 -0.115195
0.691342 -0.115195
0.726995 -0.115195
0.761249 -0.115195
0.793893 -0.115195
0.824724 -0.115195
0.853553 -0.115195
0.880203 -0.115195
0.904508 -0.115195
0.926320 -0.115195
0.945503 -0.115195
0.961940 -0.115195
0.975528 -0.115195
0.986185 -0.115195
0.993844 -0.115195
0.998459 -0.115195
1.000000 0.000000
