SNACK HLW Platte y 110.0
1.000000 0.000000
0.998459 0.023067
0.993844 0.023067
0.986185 0.023067
0.975528 0.023067
0.961940 0.023067
0.945503 0.023067
0.926320 0.023067
0.904508 0.023067
0.880203 0.023067
0.853553 0.023067
0.824724 0.023067
0.793893 0.023067
0.761249 0.023067
0.726995 0.023067
0.691342 0.023067
0.654508 0.023067
0.616723 0.023067
0.578217 0.023067
0.539230 0.023067
0.500000 0.023067
0.460770 0.023067
0.421783 0.023067
0.383277 0.023067
0.345492 0.023067
0.308658 0.023067
0.273005 0.023067
0.238751 0.023067
0.206107 0.023067
0.175276 0.023067
0.146447 0.023067
0.119797 0.023067
0.095492 0.023067
0.073680 0.023067
0.054497 0.023067
0.038060 0.023067
0.024472 0.023067
0.013815 0.023067
0.006156 0.023067
0.001541 0.023067
0.000000 0.023067
0.001541 -0.023067
0.006156 -0.023067
0.013815 -0.023067
0.024472 -0.023067
0.038060 -0.023067
0.054497 -0.023067
0.073680 -0.023067
0.095492 -0.023067
0.119797 -0.023067
0.146447 -0.023067
0.175276 -0.023067
0.206107 -0.023067
0.238751 -0.023067
0.273005 -0.023067
0.308658 -0.023067
0.345492 -0.023067
0.383277 -0.023067
0.421783 -0.023067
0.460770 -0.023067
0.500000 -0.023067
0.539230 -0.023067
0.578217 -0.023067
0.616723 -0.023067
0.654508 -0.023067
0.691342 -0.023067
0.726995 -0.023067
0.761249 -0.023067
0.793893 -0.023067
0.824724 -0.023067
0.853553 -0.023067
0.880203 -0.023067
0.904508 -0.023067
0.926320 -0.023067
0.945503 -0.023067
0.961940 -0.023067
0.975528 -0.023067
0.986185 -0.023067
0.993844 -0.023067
0.998459 -0.023067
1.000000 0.000000
