SNACK Fluegel y 316.0
1.000000 0.000000
0.998459 0.016876
0.993844 0.017209
0.986185 0.017760
0.975528 0.018528
0.961940 0.019507
0.945503 0.020692
0.926320 0.022074
0.904508 0.023645
0.880203 0.025397
0.853553 0.027317
0.824724 0.029394
0.793893 0.031615
0.761249 0.033967
0.726995 0.036435
0.691342 0.039004
0.654508 0.041658
0.616723 0.044381
0.578217 0.047155
0.539230 0.049964
0.500000 0.052762
0.460770 0.055185
0.421783 0.057356
0.383277 0.059122
0.345492 0.060501
0.308658 0.061521
0.273005 0.062406
0.238751 0.062898
0.206107 0.063092
0.175276 0.062612
0.146447 0.061632
0.119797 0.060652
0.095492 0.059758
0.073680 0.058956
0.054497 0.058251
0.038060 0.057647
0.024472 0.054886
0.013815 0.036356
0.006156 0.020791
0.001541 0.011414
0.000000 0.000000
0.001541 -0.000026
0.006156 -0.000103
0.013815 -0.000232
0.024472 -0.000410
0.038060 -0.000638
0.054497 -0.000913
0.073680 -0.001235
0.095492 -0.001600
0.119797 -0.002008
0.146447 -0.002454
0.175276 -0.002937
0.206107 -0.003453
0.238751 -0.004000
0.273005 -0.004574
0.308658 -0.005171
0.345492 -0.005788
0.383277 -0.006421
0.421783 -0.007067
0.460770 -0.007720
0.500000 -0.008377
0.539230 -0.009034
0.578217 -0.009687
0.616723 -0.010332
0.654508 -0.010965
0.691342 -0.011582
0.726995 -0.012180
0.761249 -0.012753
0.793893 -0.013300
0.824724 -0.013817
0.853553 -0.014300
0.880203 -0.014746
0.904508 -0.015153
0.926320 -0.015519
0.945503 -0.015840
0.961940 -0.016115
0.975528 -0.016343
0.986185 -0.016522
0.993844 -0.016650
0.998459 -0.016727
1.000000 0.000000
