SNACK Fluegel y 304.0
1.000000 0.000000
0.998459 0.014820
0.993844 0.015120
0.986185 0.015619
0.975528 0.016314
0.961940 0.017199
0.945503 0.018271
0.926320 0.019521
0.904508 0.020942
0.880203 0.022526
0.853553 0.024263
0.824724 0.026141
0.793893 0.028150
0.761249 0.030278
0.726995 0.032510
0.691342 0.034833
0.654508 0.037234
0.616723 0.039696
0.578217 0.042205
0.539230 0.044746
0.500000 0.047302
0.460770 0.049859
0.421783 0.051944
0.383277 0.052954
0.345492 0.053762
0.308658 0.054199
0.273005 0.054504
0.238751 0.054547
0.206107 0.054076
0.175276 0.052636
0.146447 0.051024
0.119797 0.049001
0.095492 0.046492
0.073680 0.044240
0.054497 0.042259
0.038060 0.040562
0.024472 0.039160
0.013815 0.038059
0.006156 0.022884
0.001541 0.012089
0.000000 0.000085
0.001541 -0.000023
0.006156 -0.000091
0.013815 -0.000203
0.024472 -0.000360
0.038060 -0.000560
0.054497 -0.000802
0.073680 -0.001084
0.095492 -0.001405
0.119797 -0.001763
0.146447 -0.002155
0.175276 -0.002579
0.206107 -0.003032
0.238751 -0.003513
0.273005 -0.004017
0.308658 -0.004541
0.345492 -0.005083
0.383277 -0.005639
0.421783 -0.006205
0.460770 -0.006779
0.500000 -0.007356
0.539230 -0.007933
0.578217 -0.008506
0.616723 -0.009073
0.654508 -0.009629
0.691342 -0.010171
0.726995 -0.010695
0.761249 -0.011199
0.793893 -0.011679
0.824724 -0.012133
0.853553 -0.012557
0.880203 -0.012949
0.904508 -0.013306
0.926320 -0.013627
0.945503 -0.013909
0.961940 -0.014151
0.975528 -0.014351
0.986185 -0.014508
0.993844 -0.014620
0.998459 -0.014688
1.000000 0.000000
