SNACK SLW Platte z 152.2
1.000000 0.000000
0.998459 0.049863
0.993844 0.049863
0.986185 0.049863
0.975528 0.049863
0.961940 0.049863
0.945503 0.049863
0.926320 0.049863
0.904508 0.049863
0.880203 0.049863
0.853553 0.049863
0.824724 0.049863
0.793893 0.049863
0.761249 0.049863
0.726995 0.049863
0.691342 0.049863
0.654508 0.049863
0.616723 0.049863
0.578217 0.049863
0.539230 0.049863
0.500000 0.049863
0.460770 0.049863
0.421783 0.049863
0.383277 0.049863
0.345492 0.049863
0.308658 0.049863
0.273005 0.049863
0.238751 0.049863
0.206107 0.049863
0.175276 0.049863
0.146447 0.049863
0.119797 0.049863
0.095492 0.049863
0.073680 0.049863
0.054497 0.049863
0.038060 0.049863
0.024472 0.049863
0.013815 0.049863
0.006156 0.049863
0.001541 0.049863
0.000000 0.049863
0.001541 -0.049863
0.006156 -0.049863
0.013815 -0.049863
0.024472 -0.049863
0.038060 -0.049863
0.054497 -0.049863
0.073680 -0.049863
0.095492 -0.049863
0.119797 -0.049863
0.146447 -0.049863
0.175276 -0.049863
0.206107 -0.049863
0.238751 -0.049863
0.273005 -0.049863
0.308658 -0.049863
0.345492 -0.049863
0.383277 -0.049863
0.421783 -0.049863
0.460770 -0.049863
0.500000 -0.049863
0.539230 -0.049863
0.578217 -0.049863
0.616723 -0.049863
0.654508 -0.049863
0.691342 -0.049863
0.726995 -0.049863
0.761249 -0.049863
0.793893 -0.049863
0.824724 -0.049863
0.853553 -0.049863
0.880203 -0.049863
0.904508 -0.049863
0.926320 -0.049863
0.945503 -0.049863
0.961940 -0.049863
0.975528 -0.049863
0.986185 -0.049863
0.993844 -0.049863
0.998459 -0.049863
1.000000 0.000000
