SNACK HLW Platte y 109.3
1.000000 0.000000
0.998459 0.021130
0.993844 0.021130
0.986185 0.021130
0.975528 0.021130
0.961940 0.021130
0.945503 0.021130
0.926320 0.021130
0.904508 0.021130
0.880203 0.021130
0.853553 0.021130
0.824724 0.021130
0.793893 0.021130
0.761249 0.021130
0.726995 0.021130
0.691342 0.021130
0.654508 0.021130
0.616723 0.021130
0.578217 0.021130
0.539230 0.021130
0.500000 0.021130
0.460770 0.021130
0.421783 0.021130
0.383277 0.021130
0.345492 0.021130
0.308658 0.021130
0.273005 0.021130
0.238751 0.021130
0.206107 0.021130
0.175276 0.021130
0.146447 0.021130
0.119797 0.021130
0.095492 0.021130
0.073680 0.021130
0.054497 0.021130
0.038060 0.021130
0.024472 0.021130
0.013815 0.021130
0.006156 0.021130
0.001541 0.021130
0.000000 0.021130
0.001541 -0.021130
0.006156 -0.021130
0.013815 -0.021130
0.024472 -0.021130
0.038060 -0.021130
0.054497 -0.021130
0.073680 -0.021130
0.095492 -0.021130
0.119797 -0.021130
0.146447 -0.021130
0.175276 -0.021130
0.206107 -0.021130
0.238751 -0.021130
0.273005 -0.021130
0.308658 -0.021130
0.345492 -0.021130
0.383277 -0.021130
0.421783 -0.021130
0.460770 -0.021130
0.500000 -0.021130
0.539230 -0.021130
0.578217 -0.021130
0.616723 -0.021130
0.654508 -0.021130
0.691342 -0.021130
0.726995 -0.021130
0.761249 -0.021130
0.793893 -0.021130
0.824724 -0.021130
0.853553 -0.021130
0.880203 -0.021130
0.904508 -0.021130
0.926320 -0.021130
0.945503 -0.021130
0.961940 -0.021130
0.975528 -0.021130
0.986185 -0.021130
0.993844 -0.021130
0.998459 -0.021130
1.000000 0.000000
