SNACK Fluegel y 322.8
1.000000 0.000000
0.998459 0.000274
0.993844 0.001094
0.986185 0.002455
0.975528 0.004348
0.961940 0.006763
0.945503 0.009683
0.926320 0.013092
0.904508 0.016823
0.880203 0.020782
0.853553 0.025053
0.824724 0.029452
0.793893 0.034103
0.761249 0.038831
0.726995 0.043613
0.691342 0.048332
0.654508 0.053072
0.616723 0.057633
0.578217 0.062047
0.539230 0.066484
0.500000 0.070691
0.460770 0.074525
0.421783 0.078185
0.383277 0.081627
0.345492 0.084736
0.308658 0.087602
0.273005 0.090146
0.238751 0.092403
0.206107 0.094381
0.175276 0.096250
0.146447 0.097969
0.119797 0.097274
0.095492 0.093778
0.073680 0.090641
0.054497 0.087883
0.038060 0.085519
0.024472 0.059985
0.013815 0.035945
0.006156 0.016022
0.001541 0.004012
0.000000 0.000000
0.001541 -0.000080
0.006156 -0.000319
0.013815 -0.000717
0.024472 -0.001269
0.038060 -0.001974
0.054497 -0.002827
0.073680 -0.003822
0.095492 -0.004953
0.119797 -0.006214
0.146447 -0.007597
0.175276 -0.009092
0.206107 -0.010692
0.238751 -0.012385
0.273005 -0.014162
0.308658 -0.016011
0.345492 -0.017922
0.383277 -0.019882
0.421783 -0.021879
0.460770 -0.023902
0.500000 -0.025937
0.539230 -0.027972
0.578217 -0.029994
0.616723 -0.031991
0.654508 -0.033952
0.691342 -0.035862
0.726995 -0.037712
0.761249 -0.039489
0.793893 -0.041182
0.824724 -0.042781
0.853553 -0.044277
0.880203 -0.045659
0.904508 -0.046920
0.926320 -0.048051
0.945503 -0.049046
0.961940 -0.049899
0.975528 -0.050604
0.986185 -0.051157
0.993844 -0.051554
0.998459 -0.017038
1.000000 0.000000
