SNACK Fluegel y 324.0
1.000000 0.019866
0.998459 0.020059
0.993844 0.020634
0.986185 0.021590
0.975528 0.022608
0.961940 0.022604
0.945503 0.022599
0.926320 0.022592
0.904508 0.022585
0.880203 0.022577
0.853553 0.022567
0.824724 0.022554
0.793893 0.022539
0.761249 0.022521
0.726995 0.022503
0.691342 0.022484
0.654508 0.022464
0.616723 0.022444
0.578217 0.022423
0.539230 0.022403
0.500000 0.022382
0.460770 0.022361
0.421783 0.022340
0.383277 0.022319
0.345492 0.022299
0.308658 0.022280
0.273005 0.022261
0.238751 0.022242
0.206107 0.022225
0.175276 0.022208
0.146447 0.022193
0.119797 0.022179
0.095492 0.022166
0.073680 0.022154
0.054497 0.022144
0.038060 0.022135
0.024472 0.022128
0.013815 0.021264
0.006156 0.010245
0.001541 0.002565
0.000000 0.000000
0.001541 -0.002157
0.006156 -0.008616
0.013815 -0.019336
0.024472 -0.020377
0.038060 -0.020370
0.054497 -0.020362
0.073680 -0.020352
0.095492 -0.020340
0.119797 -0.020327
0.146447 -0.020313
0.175276 -0.020298
0.206107 -0.020282
0.238751 -0.020265
0.273005 -0.020247
0.308658 -0.020228
0.345492 -0.020209
0.383277 -0.020189
0.421783 -0.020169
0.460770 -0.020149
0.500000 -0.020128
0.539230 -0.020108
0.578217 -0.020087
0.616723 -0.020067
0.654508 -0.020047
0.691342 -0.020028
0.726995 -0.020009
0.761249 -0.019991
0.793893 -0.019974
0.824724 -0.019958
0.853553 -0.019943
0.880203 -0.019929
0.904508 -0.019916
0.926320 -0.019905
0.945503 -0.019895
0.961940 -0.019886
0.975528 -0.019879
0.986185 -0.019873
0.993844 -0.019869
0.998459 -0.019867
1.000000 0.000000
