SNACK SLW Platte z 147.1
1.000000 0.000000
0.998459 0.024861
0.993844 0.024861
0.986185 0.024861
0.975528 0.024861
0.961940 0.024861
0.945503 0.024861
0.926320 0.024861
0.904508 0.024861
0.880203 0.024861
0.853553 0.024861
0.824724 0.024861
0.793893 0.024861
0.761249 0.024861
0.726995 0.024861
0.691342 0.024861
0.654508 0.024861
0.616723 0.024861
0.578217 0.024861
0.539230 0.024861
0.500000 0.024861
0.460770 0.024861
0.421783 0.024861
0.383277 0.024861
0.345492 0.024861
0.308658 0.024861
0.273005 0.024861
0.238751 0.024861
0.206107 0.024861
0.175276 0.024861
0.146447 0.024861
0.119797 0.024861
0.095492 0.024861
0.073680 0.024861
0.054497 0.024861
0.038060 0.024861
0.024472 0.024861
0.013815 0.024861
0.006156 0.024861
0.001541 0.024861
0.000000 0.024861
0.001541 -0.024861
0.006156 -0.024861
0.013815 -0.024861
0.024472 -0.024861
0.038060 -0.024861
0.054497 -0.024861
0.073680 -0.024861
0.095492 -0.024861
0.119797 -0.024861
0.146447 -0.024861
0.175276 -0.024861
0.206107 -0.024861
0.238751 -0.024861
0.273005 -0.024861
0.308658 -0.024861
0.345492 -0.024861
0.383277 -0.024861
0.421783 -0.024861
0.460770 -0.024861
0.500000 -0.024861
0.539230 -0.024861
0.578217 -0.024861
0.616723 -0.024861
0.654508 -0.024861
0.691342 -0.024861
0.726995 -0.024861
0.761249 -0.024861
0.793893 -0.024861
0.824724 -0.024861
0.853553 -0.024861
0.880203 -0.024861
0.904508 -0.024861
0.926320 -0.024861
0.945503 -0.024861
0.961940 -0.024861
0.975528 -0.024861
0.986185 -0.024861
0.993844 -0.024861
0.998459 -0.024861
1.000000 0.000000
