SNACK Fluegel y 323.6
1.000000 0.000000
0.998459 0.000251
0.993844 0.001001
0.986185 0.002247
0.975528 0.003981
0.961940 0.006191
0.945503 0.008865
0.926320 0.011986
0.904508 0.015499
0.880203 0.019095
0.853553 0.023038
0.824724 0.027061
0.793893 0.031306
0.761249 0.035682
0.726995 0.040008
0.691342 0.044406
0.654508 0.048682
0.616723 0.052926
0.578217 0.056949
0.539230 0.060833
0.500000 0.064715
0.460770 0.068368
0.421783 0.071638
0.383277 0.074689
0.345492 0.077651
0.308658 0.080172
0.273005 0.082516
0.238751 0.084616
0.206107 0.086409
0.175276 0.087976
0.146447 0.089081
0.119797 0.090072
0.095492 0.090975
0.073680 0.089625
0.054497 0.077791
0.038060 0.058256
0.024472 0.037460
0.013815 0.021147
0.006156 0.009423
0.001541 0.002359
0.000000 0.000000
0.001541 -0.001320
0.006156 -0.005273
0.013815 -0.011834
0.024472 -0.019981
0.038060 -0.020486
0.054497 -0.021096
0.073680 -0.021809
0.095492 -0.022620
0.119797 -0.023523
0.146447 -0.024513
0.175276 -0.025584
0.206107 -0.026730
0.238751 -0.027943
0.273005 -0.029215
0.308658 -0.030540
0.345492 -0.031909
0.383277 -0.033313
0.421783 -0.034744
0.460770 -0.036192
0.500000 -0.037650
0.539230 -0.039108
0.578217 -0.040556
0.616723 -0.041987
0.654508 -0.043391
0.691342 -0.044760
0.726995 -0.046085
0.761249 -0.047357
0.793893 -0.048570
0.824724 -0.049716
0.853553 -0.050787
0.880203 -0.051777
0.904508 -0.052680
0.926320 -0.053491
0.945503 -0.054204
0.961940 -0.054814
0.975528 -0.055319
0.986185 -0.055715
0.993844 -0.056000
0.998459 -0.020356
1.000000 0.000000
