SNACK HLW Platte y 104.0
1.000000 0.000000
0.998459 0.017346
0.993844 0.017346
0.986185 0.017346
0.975528 0.017346
0.961940 0.017346
0.945503 0.017346
0.926320 0.017346
0.904508 0.017346
0.880203 0.017346
0.853553 0.017346
0.824724 0.017346
0.793893 0.017346
0.761249 0.017346
0.726995 0.017346
0.691342 0.017346
0.654508 0.017346
0.616723 0.017346
0.578217 0.017346
0.539230 0.017346
0.500000 0.017346
0.460770 0.017346
0.421783 0.017346
0.383277 0.017346
0.345492 0.017346
0.308658 0.017346
0.273005 0.017346
0.238751 0.017346
0.206107 0.017346
0.175276 0.017346
0.146447 0.017346
0.119797 0.017346
0.095492 0.017346
0.073680 0.017346
0.054497 0.017346
0.038060 0.017346
0.024472 0.017346
0.013815 0.017346
0.006156 0.017346
0.001541 0.017346
0.000000 0.017346
0.001541 -0.017346
0.006156 -0.017346
0.013815 -0.017346
0.024472 -0.017346
0.038060 -0.017346
0.054497 -0.017346
0.073680 -0.017346
0.095492 -0.017346
0.119797 -0.017346
0.146447 -0.017346
0.175276 -0.017346
0.206107 -0.017346
0.238751 -0.017346
0.273005 -0.017346
0.308658 -0.017346
0.345492 -0.017346
0.383277 -0.017346
0.421783 -0.017346
0.460770 -0.017346
0.500000 -0.017346
0.539230 -0.017346
0.578217 -0.017346
0.616723 -0.017346
0.654508 -0.017346
0.691342 -0.017346
0.726995 -0.017346
0.761249 -0.017346
0.793893 -0.017346
0.824724 -0.017346
0.853553 -0.017346
0.880203 -0.017346
0.904508 -0.017346
0.926320 -0.017346
0.945503 -0.017346
0.961940 -0.017346
0.975528 -0.017346
0.986185 -0.017346
0.993844 -0.017346
0.998459 -0.017346
1.000000 0.000000
