SNACK Fluegel y 322.2
1.000000 0.000000
0.998459 0.000270
0.993844 0.001080
0.986185 0.002424
0.975528 0.004293
0.961940 0.006677
0.945503 0.009561
0.926320 0.012926
0.904508 0.016558
0.880203 0.020463
0.853553 0.024617
0.824724 0.028952
0.793893 0.033503
0.761249 0.038080
0.726995 0.042741
0.691342 0.047331
0.654508 0.051904
0.616723 0.056244
0.578217 0.060560
0.539230 0.064879
0.500000 0.068755
0.460770 0.072391
0.421783 0.075948
0.383277 0.079069
0.345492 0.081987
0.308658 0.084595
0.273005 0.086900
0.238751 0.088904
0.206107 0.090813
0.175276 0.092545
0.146447 0.093539
0.119797 0.094233
0.095492 0.094866
0.073680 0.095433
0.054497 0.095933
0.038060 0.096361
0.024472 0.066099
0.013815 0.038182
0.006156 0.018117
0.001541 0.004588
0.000000 0.000000
0.001541 -0.000077
0.006156 -0.000306
0.013815 -0.000688
0.024472 -0.001218
0.038060 -0.001894
0.054497 -0.002712
0.073680 -0.003667
0.095492 -0.004752
0.119797 -0.005962
0.146447 -0.007288
0.175276 -0.008722
0.206107 -0.010256
0.238751 -0.011881
0.273005 -0.013585
0.308658 -0.015359
0.345492 -0.017192
0.383277 -0.019072
0.421783 -0.020989
0.460770 -0.022929
0.500000 -0.024881
0.539230 -0.026833
0.578217 -0.028773
0.616723 -0.030689
0.654508 -0.032569
0.691342 -0.034402
0.726995 -0.036176
0.761249 -0.037881
0.793893 -0.039505
0.824724 -0.041039
0.853553 -0.042474
0.880203 -0.043800
0.904508 -0.045009
0.926320 -0.046095
0.945503 -0.047049
0.961940 -0.047867
0.975528 -0.048543
0.986185 -0.049074
0.993844 -0.049455
0.998459 -0.017454
1.000000 -0.000000
