SNACK Fluegel y 33.2
1.000000 0.000000
0.998459 0.004707
0.993844 0.004887
0.986185 0.005187
0.975528 0.005605
0.961940 0.006137
0.945503 0.006780
0.926320 0.007532
0.904508 0.008386
0.880203 0.009338
0.853553 0.010381
0.824724 0.011510
0.793893 0.012718
0.761249 0.013996
0.726995 0.015338
0.691342 0.016734
0.654508 0.018177
0.616723 0.019656
0.578217 0.021164
0.539230 0.022691
0.500000 0.024134
0.460770 0.025276
0.421783 0.026042
0.383277 0.026448
0.345492 0.026704
0.308658 0.026717
0.273005 0.026729
0.238751 0.026741
0.206107 0.026699
0.175276 0.025952
0.146447 0.024762
0.119797 0.023334
0.095492 0.021569
0.073680 0.018912
0.054497 0.015935
0.038060 0.012369
0.024472 0.008666
0.013815 0.005115
0.006156 0.002304
0.001541 0.000577
0.000000 0.000000
0.001541 -0.013287
0.006156 -0.013298
0.013815 -0.013317
0.024472 -0.013342
0.038060 -0.013375
0.054497 -0.013415
0.073680 -0.013461
0.095492 -0.013513
0.119797 -0.013572
0.146447 -0.013636
0.175276 -0.013705
0.206107 -0.013780
0.238751 -0.013858
0.273005 -0.013940
0.308658 -0.014026
0.345492 -0.014115
0.383277 -0.014206
0.421783 -0.014298
0.460770 -0.014392
0.500000 -0.014486
0.539230 -0.014581
0.578217 -0.014675
0.616723 -0.014767
0.654508 -0.014858
0.691342 -0.014947
0.726995 -0.015032
0.761249 -0.015115
0.793893 -0.015107
0.824724 -0.014234
0.853553 -0.013417
0.880203 -0.012663
0.904508 -0.011975
0.926320 -0.011357
0.945503 -0.010814
0.961940 -0.010349
0.975528 -0.009964
0.986185 -0.009662
0.993844 -0.009445
0.998459 -0.009315
1.000000 0.000000
