SNACK SLW Platte z 76.6
1.000000 0.000000
0.998459 0.008491
0.993844 0.008491
0.986185 0.008491
0.975528 0.008491
0.961940 0.008491
0.945503 0.008491
0.926320 0.008491
0.904508 0.008491
0.880203 0.008491
0.853553 0.008491
0.824724 0.008491
0.793893 0.008491
0.761249 0.008491
0.726995 0.008491
0.691342 0.008491
0.654508 0.008491
0.616723 0.008491
0.578217 0.008491
0.539230 0.008491
0.500000 0.008491
0.460770 0.008491
0.421783 0.008491
0.383277 0.008491
0.345492 0.008491
0.308658 0.008491
0.273005 0.008491
0.238751 0.008491
0.206107 0.008491
0.175276 0.008491
0.146447 0.008491
0.119797 0.008491
0.095492 0.008491
0.073680 0.008491
0.054497 0.008491
0.038060 0.008491
0.024472 0.008491
0.013815 0.008491
0.006156 0.008491
0.001541 0.008491
0.000000 0.008491
0.001541 -0.008491
0.006156 -0.008491
0.013815 -0.008491
0.024472 -0.008491
0.038060 -0.008491
0.054497 -0.008491
0.073680 -0.008491
0.095492 -0.008491
0.119797 -0.008491
0.146447 -0.008491
0.175276 -0.008491
0.206107 -0.008491
0.238751 -0.008491
0.273005 -0.008491
0.308658 -0.008491
0.345492 -0.008491
0.383277 -0.008491
0.421783 -0.008491
0.460770 -0.008491
0.500000 -0.008491
0.539230 -0.008491
0.578217 -0.008491
0.616723 -0.008491
0.654508 -0.008491
0.691342 -0.008491
0.726995 -0.008491
0.761249 -0.008491
0.793893 -0.008491
0.824724 -0.008491
0.853553 -0.008491
0.880203 -0.008491
0.904508 -0.008491
0.926320 -0.008491
0.945503 -0.008491
0.961940 -0.008491
0.975528 -0.008491
0.986185 -0.008491
0.993844 -0.008491
0.998459 -0.008491
1.000000 0.000000
