SNACK SLW Platte z 63.1
1.000000 0.000000
0.998459 0.023298
0.993844 0.023297
0.986185 0.023296
0.975528 0.023294
0.961940 0.023291
0.945503 0.023288
0.926320 0.023285
0.904508 0.023281
0.880203 0.023276
0.853553 0.023271
0.824724 0.023266
0.793893 0.023260
0.761249 0.023254
0.726995 0.023248
0.691342 0.023241
0.654508 0.023235
0.616723 0.023228
0.578217 0.023220
0.539230 0.023213
0.500000 0.023206
0.460770 0.023199
0.421783 0.023191
0.383277 0.023184
0.345492 0.023177
0.308658 0.023170
0.273005 0.023164
0.238751 0.023158
0.206107 0.023151
0.175276 0.023146
0.146447 0.023140
0.119797 0.023136
0.095492 0.023131
0.073680 0.023127
0.054497 0.023123
0.038060 0.023120
0.024472 0.023118
0.013815 0.023116
0.006156 0.023114
0.001541 0.023114
0.000000 0.023113
0.001541 -0.023115
0.006156 -0.023120
0.013815 -0.023128
0.024472 -0.023139
0.038060 -0.023154
0.054497 -0.023172
0.073680 -0.023192
0.095492 -0.023215
0.119797 -0.023241
0.146447 -0.023270
0.175276 -0.023301
0.206107 -0.023334
0.238751 -0.023369
0.273005 -0.023405
0.308658 -0.023427
0.345492 -0.023420
0.383277 -0.023413
0.421783 -0.023406
0.460770 -0.023398
0.500000 -0.023391
0.539230 -0.023384
0.578217 -0.023377
0.616723 -0.023370
0.654508 -0.023363
0.691342 -0.023356
0.726995 -0.023349
0.761249 -0.023343
0.793893 -0.023337
0.824724 -0.023331
0.853553 -0.023326
0.880203 -0.023321
0.904508 -0.023316
0.926320 -0.023312
0.945503 -0.023309
0.961940 -0.023306
0.975528 -0.023303
0.986185 -0.023301
0.993844 -0.023300
0.998459 -0.023299
1.000000 -0.023299
