SNACK Fluegel y 298.0
1.000000 0.000000
0.998459 0.014347
0.993844 0.014622
0.986185 0.015078
0.975528 0.015712
0.961940 0.016520
0.945503 0.017498
0.926320 0.018640
0.904508 0.019938
0.880203 0.021384
0.853553 0.022970
0.824724 0.024685
0.793893 0.026520
0.761249 0.028463
0.726995 0.030501
0.691342 0.032622
0.654508 0.034814
0.616723 0.037063
0.578217 0.039354
0.539230 0.041674
0.500000 0.044008
0.460770 0.046343
0.421783 0.047808
0.383277 0.048473
0.345492 0.048957
0.308658 0.049173
0.273005 0.049245
0.238751 0.048969
0.206107 0.048202
0.175276 0.046682
0.146447 0.045039
0.119797 0.042767
0.095492 0.039643
0.073680 0.036215
0.054497 0.033117
0.038060 0.030462
0.024472 0.028267
0.013815 0.026545
0.006156 0.016991
0.001541 0.007539
0.000000 0.000000
0.001541 -0.004765
0.006156 -0.004809
0.013815 -0.004882
0.024472 -0.004983
0.038060 -0.005112
0.054497 -0.005268
0.073680 -0.005451
0.095492 -0.005658
0.119797 -0.005889
0.146447 -0.006142
0.175276 -0.006416
0.206107 -0.006709
0.238751 -0.007019
0.273005 -0.007344
0.308658 -0.007683
0.345492 -0.008033
0.383277 -0.008392
0.421783 -0.008758
0.460770 -0.009128
0.500000 -0.009501
0.539230 -0.009874
0.578217 -0.010244
0.616723 -0.010610
0.654508 -0.010969
0.691342 -0.011319
0.726995 -0.011658
0.761249 -0.011983
0.793893 -0.012293
0.824724 -0.012586
0.853553 -0.012860
0.880203 -0.013113
0.904508 -0.013344
0.926320 -0.013551
0.945503 -0.013734
0.961940 -0.013890
0.975528 -0.014019
0.986185 -0.014120
0.993844 -0.014193
0.998459 -0.014237
1.000000 0.000000
