SNACK SLW Platte z 150.4
1.000000 0.000000
0.998459 0.035184
0.993844 0.035184
0.986185 0.035184
0.975528 0.035184
0.961940 0.035184
0.945503 0.035184
0.926320 0.035184
0.904508 0.035184
0.880203 0.035184
0.853553 0.035184
0.824724 0.035184
0.793893 0.035184
0.761249 0.035184
0.726995 0.035184
0.691342 0.035184
0.654508 0.035184
0.616723 0.035184
0.578217 0.035184
0.539230 0.035184
0.500000 0.035184
0.460770 0.035184
0.421783 0.035184
0.383277 0.035184
0.345492 0.035184
0.308658 0.035184
0.273005 0.035184
0.238751 0.035184
0.206107 0.035184
0.175276 0.035184
0.146447 0.035184
0.119797 0.035184
0.095492 0.035184
0.073680 0.035184
0.054497 0.035184
0.038060 0.035184
0.024472 0.035184
0.013815 0.035184
0.006156 0.035184
0.001541 0.035184
0.000000 0.035184
0.001541 -0.035184
0.006156 -0.035184
0.013815 -0.035184
0.024472 -0.035184
0.038060 -0.035184
0.054497 -0.035184
0.073680 -0.035184
0.095492 -0.035184
0.119797 -0.035184
0.146447 -0.035184
0.175276 -0.035184
0.206107 -0.035184
0.238751 -0.035184
0.273005 -0.035184
0.308658 -0.035184
0.345492 -0.035184
0.383277 -0.035184
0.421783 -0.035184
0.460770 -0.035184
0.500000 -0.035184
0.539230 -0.035184
0.578217 -0.035184
0.616723 -0.035184
0.654508 -0.035184
0.691342 -0.035184
0.726995 -0.035184
0.761249 -0.035184
0.793893 -0.035184
0.824724 -0.035184
0.853553 -0.035184
0.880203 -0.035184
0.904508 -0.035184
0.926320 -0.035184
0.945503 -0.035184
0.961940 -0.035184
0.975528 -0.035184
0.986185 -0.035184
0.993844 -0.035184
0.998459 -0.035184
1.000000 0.000000
