SNACK Fluegel y 286.0
1.000000 0.000000
0.998459 0.013844
0.993844 0.014121
0.986185 0.014579
0.975528 0.015217
0.961940 0.016031
0.945503 0.017015
0.926320 0.018163
0.904508 0.019469
0.880203 0.020924
0.853553 0.022520
0.824724 0.024246
0.793893 0.026091
0.761249 0.028046
0.726995 0.030096
0.691342 0.032231
0.654508 0.034436
0.616723 0.036698
0.578217 0.039003
0.539230 0.041338
0.500000 0.043686
0.460770 0.046035
0.421783 0.047181
0.383277 0.047778
0.345492 0.048186
0.308658 0.048455
0.273005 0.048544
0.238751 0.048232
0.206107 0.047429
0.175276 0.046061
0.146447 0.044594
0.119797 0.042448
0.095492 0.039561
0.073680 0.036021
0.054497 0.031589
0.038060 0.027283
0.024472 0.023529
0.013815 0.020586
0.006156 0.018344
0.001541 0.009494
0.000000 0.000000
0.001541 -0.003066
0.006156 -0.003116
0.013815 -0.003198
0.024472 -0.003312
0.038060 -0.003458
0.054497 -0.003634
0.073680 -0.003840
0.095492 -0.004073
0.119797 -0.004334
0.146447 -0.004620
0.175276 -0.004929
0.206107 -0.005259
0.238751 -0.005609
0.273005 -0.005976
0.308658 -0.006357
0.345492 -0.006751
0.383277 -0.007155
0.421783 -0.007567
0.460770 -0.007983
0.500000 -0.008403
0.539230 -0.008822
0.578217 -0.009239
0.616723 -0.009650
0.654508 -0.010054
0.691342 -0.010448
0.726995 -0.010829
0.761249 -0.011195
0.793893 -0.011544
0.824724 -0.011874
0.853553 -0.012182
0.880203 -0.012467
0.904508 -0.012727
0.926320 -0.012960
0.945503 -0.013165
0.961940 -0.013341
0.975528 -0.013486
0.986185 -0.013600
0.993844 -0.013682
0.998459 -0.013731
1.000000 0.000000
