SNACK Fluegel y 320.0
1.000000 0.018295
0.998459 0.018409
0.993844 0.018750
0.986185 0.019315
0.975528 0.020102
0.961940 0.021106
0.945503 0.022320
0.926320 0.023736
0.904508 0.025347
0.880203 0.027142
0.853553 0.029110
0.824724 0.031239
0.793893 0.033516
0.761249 0.035927
0.726995 0.038456
0.691342 0.041089
0.654508 0.043810
0.616723 0.046600
0.578217 0.049444
0.539230 0.052323
0.500000 0.055220
0.460770 0.058101
0.421783 0.060608
0.383277 0.062900
0.345492 0.064773
0.308658 0.066359
0.273005 0.067573
0.238751 0.068491
0.206107 0.069353
0.175276 0.069734
0.146447 0.069614
0.119797 0.069125
0.095492 0.068680
0.073680 0.068280
0.054497 0.067928
0.038060 0.067627
0.024472 0.058579
0.013815 0.036539
0.006156 0.020181
0.001541 0.007825
0.000000 0.000000
0.001541 -0.000028
0.006156 -0.000113
0.013815 -0.000253
0.024472 -0.000448
0.038060 -0.000696
0.054497 -0.000997
0.073680 -0.001347
0.095492 -0.001746
0.119797 -0.002190
0.146447 -0.002678
0.175276 -0.003204
0.206107 -0.003768
0.238751 -0.004365
0.273005 -0.004991
0.308658 -0.005643
0.345492 -0.006316
0.383277 -0.007007
0.421783 -0.007711
0.460770 -0.008423
0.500000 -0.009140
0.539230 -0.009857
0.578217 -0.010570
0.616723 -0.011274
0.654508 -0.011965
0.691342 -0.012638
0.726995 -0.013290
0.761249 -0.013916
0.793893 -0.014513
0.824724 -0.015076
0.853553 -0.015603
0.880203 -0.016090
0.904508 -0.016535
0.926320 -0.016933
0.945503 -0.017284
0.961940 -0.017584
0.975528 -0.017833
0.986185 -0.018028
0.993844 -0.018168
0.998459 -0.018252
1.000000 0.000000
