SNACK SLW Platte z 81.1
1.000000 0.000000
0.998459 0.006179
0.993844 0.006179
0.986185 0.006178
0.975528 0.006178
0.961940 0.006177
0.945503 0.006176
0.926320 0.006176
0.904508 0.006174
0.880203 0.006173
0.853553 0.006172
0.824724 0.006171
0.793893 0.006169
0.761249 0.006167
0.726995 0.006166
0.691342 0.006164
0.654508 0.006162
0.616723 0.006160
0.578217 0.006158
0.539230 0.006157
0.500000 0.006155
0.460770 0.006153
0.421783 0.006151
0.383277 0.006149
0.345492 0.006147
0.308658 0.006145
0.273005 0.006143
0.238751 0.006142
0.206107 0.006140
0.175276 0.006139
0.146447 0.006137
0.119797 0.006136
0.095492 0.006135
0.073680 0.006134
0.054497 0.006133
0.038060 0.006132
0.024472 0.006131
0.013815 0.006131
0.006156 0.006130
0.001541 0.006130
0.000000 0.006130
0.001541 -0.006228
0.006156 -0.006228
0.013815 -0.006228
0.024472 -0.006227
0.038060 -0.006226
0.054497 -0.006226
0.073680 -0.006225
0.095492 -0.006224
0.119797 -0.006222
0.146447 -0.006221
0.175276 -0.006220
0.206107 -0.006218
0.238751 -0.006217
0.273005 -0.006215
0.308658 -0.006213
0.345492 -0.006211
0.383277 -0.006209
0.421783 -0.006208
0.460770 -0.006206
0.500000 -0.006204
0.539230 -0.006202
0.578217 -0.006200
0.616723 -0.006198
0.654508 -0.006196
0.691342 -0.006194
0.726995 -0.006193
0.761249 -0.006191
0.793893 -0.006189
0.824724 -0.006188
0.853553 -0.006186
0.880203 -0.006185
0.904508 -0.006184
0.926320 -0.006183
0.945503 -0.006182
0.961940 -0.006181
0.975528 -0.006180
0.986185 -0.006180
0.993844 -0.006179
0.998459 -0.006179
1.000000 -0.006179
