SNACK SLW Platte z 72.1
1.000000 0.000000
0.998459 0.011629
0.993844 0.011629
0.986185 0.011629
0.975528 0.011629
0.961940 0.011629
0.945503 0.011629
0.926320 0.011629
0.904508 0.011629
0.880203 0.011629
0.853553 0.011629
0.824724 0.011629
0.793893 0.011629
0.761249 0.011629
0.726995 0.011629
0.691342 0.011629
0.654508 0.011629
0.616723 0.011629
0.578217 0.011629
0.539230 0.011629
0.500000 0.011629
0.460770 0.011629
0.421783 0.011629
0.383277 0.011629
0.345492 0.011629
0.308658 0.011629
0.273005 0.011629
0.238751 0.011629
0.206107 0.011629
0.175276 0.011629
0.146447 0.011629
0.119797 0.011629
0.095492 0.011629
0.073680 0.011629
0.054497 0.011629
0.038060 0.011629
0.024472 0.011629
0.013815 0.011629
0.006156 0.011629
0.001541 0.011629
0.000000 0.011629
0.001541 -0.011629
0.006156 -0.011629
0.013815 -0.011629
0.024472 -0.011629
0.038060 -0.011629
0.054497 -0.011629
0.073680 -0.011629
0.095492 -0.011629
0.119797 -0.011629
0.146447 -0.011629
0.175276 -0.011629
0.206107 -0.011629
0.238751 -0.011629
0.273005 -0.011629
0.308658 -0.011629
0.345492 -0.011629
0.383277 -0.011629
0.421783 -0.011629
0.460770 -0.011629
0.500000 -0.011629
0.539230 -0.011629
0.578217 -0.011629
0.616723 -0.011629
0.654508 -0.011629
0.691342 -0.011629
0.726995 -0.011629
0.761249 -0.011629
0.793893 -0.011629
0.824724 -0.011629
0.853553 -0.011629
0.880203 -0.011629
0.904508 -0.011629
0.926320 -0.011629
0.945503 -0.011629
0.961940 -0.011629
0.975528 -0.011629
0.986185 -0.011629
0.993844 -0.011629
0.998459 -0.011629
1.000000 0.000000
