SNACK HLW Platte y 100.0
1.000000 0.000000
0.998459 0.016238
0.993844 0.016238
0.986185 0.016238
0.975528 0.016238
0.961940 0.016238
0.945503 0.016238
0.926320 0.016238
0.904508 0.016238
0.880203 0.016238
0.853553 0.016238
0.824724 0.016238
0.793893 0.016238
0.761249 0.016238
0.726995 0.016238
0.691342 0.016238
0.654508 0.016238
0.616723 0.016238
0.578217 0.016238
0.539230 0.016238
0.500000 0.016238
0.460770 0.016238
0.421783 0.016238
0.383277 0.016238
0.345492 0.016238
0.308658 0.016238
0.273005 0.016238
0.238751 0.016238
0.206107 0.016238
0.175276 0.016238
0.146447 0.016238
0.119797 0.016238
0.095492 0.016238
0.073680 0.016238
0.054497 0.016238
0.038060 0.016238
0.024472 0.016238
0.013815 0.016238
0.006156 0.016238
0.001541 0.016238
0.000000 0.016238
0.001541 -0.016238
0.006156 -0.016238
0.013815 -0.016238
0.024472 -0.016238
0.038060 -0.016238
0.054497 -0.016238
0.073680 -0.016238
0.095492 -0.016238
0.119797 -0.016238
0.146447 -0.016238
0.175276 -0.016238
0.206107 -0.016238
0.238751 -0.016238
0.273005 -0.016238
0.308658 -0.016238
0.345492 -0.016238
0.383277 -0.016238
0.421783 -0.016238
0.460770 -0.016238
0.500000 -0.016238
0.539230 -0.016238
0.578217 -0.016238
0.616723 -0.016238
0.654508 -0.016238
0.691342 -0.016238
0.726995 -0.016238
0.761249 -0.016238
0.793893 -0.016238
0.824724 -0.016238
0.853553 -0.016238
0.880203 -0.016238
0.904508 -0.016238
0.926320 -0.016238
0.945503 -0.016238
0.961940 -0.016238
0.975528 -0.016238
0.986185 -0.016238
0.993844 -0.016238
0.998459 -0.016238
1.000000 0.000000
