SNACK SLW Platte z 61.6
1.000000 0.000000
0.998459 0.043710
0.993844 0.043710
0.986185 0.043710
0.975528 0.043710
0.961940 0.043710
0.945503 0.043710
0.926320 0.043710
0.904508 0.043710
0.880203 0.043710
0.853553 0.043710
0.824724 0.043710
0.793893 0.043710
0.761249 0.043710
0.726995 0.043710
0.691342 0.043710
0.654508 0.043710
0.616723 0.043710
0.578217 0.043710
0.539230 0.043710
0.500000 0.043710
0.460770 0.043710
0.421783 0.043710
0.383277 0.043710
0.345492 0.043710
0.308658 0.043710
0.273005 0.043710
0.238751 0.043710
0.206107 0.043710
0.175276 0.043710
0.146447 0.043710
0.119797 0.043710
0.095492 0.043710
0.073680 0.043710
0.054497 0.043710
0.038060 0.043710
0.024472 0.043710
0.013815 0.043710
0.006156 0.043710
0.001541 0.043710
0.000000 0.043710
0.001541 -0.043710
0.006156 -0.043710
0.013815 -0.043710
0.024472 -0.043710
0.038060 -0.043710
0.054497 -0.043710
0.073680 -0.043710
0.095492 -0.043710
0.119797 -0.043710
0.146447 -0.043710
0.175276 -0.043710
0.206107 -0.043710
0.238751 -0.043710
0.273005 -0.043710
0.308658 -0.043710
0.345492 -0.043710
0.383277 -0.043710
0.421783 -0.043710
0.460770 -0.043710
0.500000 -0.043710
0.539230 -0.043710
0.578217 -0.043710
0.616723 -0.043710
0.654508 -0.043710
0.691342 -0.043710
0.726995 -0.043710
0.761249 -0.043710
0.793893 -0.043710
0.824724 -0.043710
0.853553 -0.043710
0.880203 -0.043710
0.904508 -0.043710
0.926320 -0.043710
0.945503 -0.043710
0.961940 -0.043710
0.975528 -0.043710
0.986185 -0.043710
0.993844 -0.043710
0.998459 -0.043710
1.000000 0.000000
