SNACK Fluegel y 32.9
1.000000 0.000000
0.998459 0.000175
0.993844 0.000700
0.986185 0.001572
0.975528 0.002784
0.961940 0.004231
0.945503 0.005944
0.926320 0.007863
0.904508 0.009964
0.880203 0.012231
0.853553 0.014614
0.824724 0.017017
0.793893 0.019497
0.761249 0.021841
0.726995 0.024115
0.691342 0.026269
0.654508 0.028266
0.616723 0.030130
0.578217 0.031715
0.539230 0.033061
0.500000 0.034116
0.460770 0.034992
0.421783 0.035699
0.383277 0.036276
0.345492 0.036842
0.308658 0.037394
0.273005 0.037928
0.238751 0.037827
0.206107 0.037208
0.175276 0.036355
0.146447 0.035048
0.119797 0.033369
0.095492 0.030726
0.073680 0.027682
0.054497 0.024083
0.038060 0.020143
0.024472 0.016116
0.013815 0.012498
0.006156 0.009763
0.001541 0.007380
0.000000 0.000000
0.001541 -0.005377
0.006156 -0.008650
0.013815 -0.008781
0.024472 -0.008962
0.038060 -0.009194
0.054497 -0.009474
0.073680 -0.009800
0.095492 -0.010172
0.119797 -0.010586
0.146447 -0.011040
0.175276 -0.011530
0.206107 -0.012056
0.238751 -0.012611
0.273005 -0.013195
0.308658 -0.013802
0.345492 -0.014429
0.383277 -0.015073
0.421783 -0.015728
0.460770 -0.016392
0.500000 -0.017060
0.539230 -0.017728
0.578217 -0.018392
0.616723 -0.019048
0.654508 -0.019691
0.691342 -0.020319
0.726995 -0.020926
0.761249 -0.021509
0.793893 -0.022065
0.824724 -0.022590
0.853553 -0.023081
0.880203 -0.023535
0.904508 -0.023949
0.926320 -0.024320
0.945503 -0.024647
0.961940 -0.024926
0.975528 -0.025158
0.986185 -0.025339
0.993844 -0.025469
0.998459 -0.025548
1.000000 0.000000
