SNACK HLW Platte y 94.0
1.000000 0.000000
0.998459 0.015341
0.993844 0.015341
0.986185 0.015341
0.975528 0.015341
0.961940 0.015341
0.945503 0.015341
0.926320 0.015341
0.904508 0.015341
0.880203 0.015341
0.853553 0.015341
0.824724 0.015341
0.793893 0.015341
0.761249 0.015341
0.726995 0.015341
0.691342 0.015341
0.654508 0.015341
0.616723 0.015341
0.578217 0.015341
0.539230 0.015341
0.500000 0.015341
0.460770 0.015341
0.421783 0.015341
0.383277 0.015341
0.345492 0.015341
0.308658 0.015341
0.273005 0.015341
0.238751 0.015341
0.206107 0.015341
0.175276 0.015341
0.146447 0.015341
0.119797 0.015341
0.095492 0.015341
0.073680 0.015341
0.054497 0.015341
0.038060 0.015341
0.024472 0.015341
0.013815 0.015341
0.006156 0.015341
0.001541 0.015341
0.000000 0.015341
0.001541 -0.015341
0.006156 -0.015341
0.013815 -0.015341
0.024472 -0.015341
0.038060 -0.015341
0.054497 -0.015341
0.073680 -0.015341
0.095492 -0.015341
0.119797 -0.015341
0.146447 -0.015341
0.175276 -0.015341
0.206107 -0.015341
0.238751 -0.015341
0.273005 -0.015341
0.308658 -0.015341
0.345492 -0.015341
0.383277 -0.015341
0.421783 -0.015341
0.460770 -0.015341
0.500000 -0.015341
0.539230 -0.015341
0.578217 -0.015341
0.616723 -0.015341
0.654508 -0.015341
0.691342 -0.015341
0.726995 -0.015341
0.761249 -0.015341
0.793893 -0.015341
0.824724 -0.015341
0.853553 -0.015341
0.880203 -0.015341
0.904508 -0.015341
0.926320 -0.015341
0.945503 -0.015341
0.961940 -0.015341
0.975528 -0.015341
0.986185 -0.015341
0.993844 -0.015341
0.998459 -0.015341
1.000000 0.000000
