SNACK Fluegel y 318.0
1.000000 0.000000
0.998459 0.017531
0.993844 0.017868
0.986185 0.018425
0.975528 0.019202
0.961940 0.020191
0.945503 0.021389
0.926320 0.022786
0.904508 0.024375
0.880203 0.026145
0.853553 0.028086
0.824724 0.030186
0.793893 0.032432
0.761249 0.034809
0.726995 0.037305
0.691342 0.039901
0.654508 0.042584
0.616723 0.045337
0.578217 0.048141
0.539230 0.050981
0.500000 0.053839
0.460770 0.056496
0.421783 0.058801
0.383277 0.060793
0.345492 0.062427
0.308658 0.063701
0.273005 0.064623
0.238751 0.065468
0.206107 0.065859
0.175276 0.065912
0.146447 0.065190
0.119797 0.064476
0.095492 0.063824
0.073680 0.063240
0.054497 0.062726
0.038060 0.062285
0.024472 0.061304
0.013815 0.038137
0.006156 0.021486
0.001541 0.011213
0.000000 0.000580
0.001541 -0.000027
0.006156 -0.000107
0.013815 -0.000241
0.024472 -0.000426
0.038060 -0.000663
0.054497 -0.000949
0.073680 -0.001283
0.095492 -0.001663
0.119797 -0.002086
0.146447 -0.002549
0.175276 -0.003051
0.206107 -0.003588
0.238751 -0.004156
0.273005 -0.004752
0.308658 -0.005373
0.345492 -0.006014
0.383277 -0.006672
0.421783 -0.007342
0.460770 -0.008020
0.500000 -0.008703
0.539230 -0.009386
0.578217 -0.010065
0.616723 -0.010735
0.654508 -0.011392
0.691342 -0.012034
0.726995 -0.012654
0.761249 -0.013250
0.793893 -0.013819
0.824724 -0.014355
0.853553 -0.014857
0.880203 -0.015321
0.904508 -0.015744
0.926320 -0.016123
0.945503 -0.016457
0.961940 -0.016743
0.975528 -0.016980
0.986185 -0.017165
0.993844 -0.017299
0.998459 -0.017379
1.000000 0.000000
