SNACK Fluegel y 322.4
1.000000 0.000000
0.998459 0.000271
0.993844 0.001084
0.986185 0.002433
0.975528 0.004310
0.961940 0.006704
0.945503 0.009599
0.926320 0.012977
0.904508 0.016640
0.880203 0.020561
0.853553 0.024752
0.824724 0.029107
0.793893 0.033689
0.761249 0.038312
0.726995 0.043027
0.691342 0.047641
0.654508 0.052265
0.616723 0.056676
0.578217 0.061022
0.539230 0.065390
0.500000 0.069356
0.460770 0.073053
0.421783 0.076640
0.383277 0.079860
0.345492 0.082848
0.308658 0.085565
0.273005 0.087923
0.238751 0.089985
0.206107 0.091916
0.175276 0.093739
0.146447 0.094021
0.119797 0.091331
0.095492 0.088878
0.073680 0.086677
0.054497 0.084740
0.038060 0.083081
0.024472 0.062327
0.013815 0.036544
0.006156 0.018013
0.001541 0.004579
0.000000 0.000000
0.001541 -0.000078
0.006156 -0.000310
0.013815 -0.000697
0.024472 -0.001234
0.038060 -0.001919
0.054497 -0.002748
0.073680 -0.003715
0.095492 -0.004814
0.119797 -0.006040
0.146447 -0.007383
0.175276 -0.008837
0.206107 -0.010391
0.238751 -0.012037
0.273005 -0.013763
0.308658 -0.015561
0.345492 -0.017418
0.383277 -0.019323
0.421783 -0.021264
0.460770 -0.023229
0.500000 -0.025207
0.539230 -0.027185
0.578217 -0.029150
0.616723 -0.031091
0.654508 -0.032996
0.691342 -0.034853
0.726995 -0.036651
0.761249 -0.038378
0.793893 -0.040023
0.824724 -0.041577
0.853553 -0.043031
0.880203 -0.044374
0.904508 -0.045600
0.926320 -0.046699
0.945503 -0.047666
0.961940 -0.048495
0.975528 -0.049180
0.986185 -0.049717
0.993844 -0.050103
0.998459 -0.017323
1.000000 -0.000000
