SNACK Fluegel y 0.3
1.000000 0.007207
0.998459 0.007362
0.993844 0.007808
0.986185 0.008549
0.975528 0.009580
0.961940 0.010888
0.945503 0.012387
0.926320 0.014103
0.904508 0.016033
0.880203 0.018020
0.853553 0.020081
0.824724 0.022232
0.793893 0.024401
0.761249 0.026469
0.726995 0.028364
0.691342 0.030250
0.654508 0.031936
0.616723 0.033503
0.578217 0.034768
0.539230 0.035810
0.500000 0.036451
0.460770 0.036950
0.421783 0.037406
0.383277 0.037852
0.345492 0.038290
0.308658 0.038717
0.273005 0.039035
0.238751 0.038906
0.206107 0.038107
0.175276 0.036949
0.146447 0.035540
0.119797 0.033773
0.095492 0.031231
0.073680 0.027879
0.054497 0.024224
0.038060 0.019972
0.024472 0.015956
0.013815 0.012506
0.006156 0.009845
0.001541 0.008242
0.000000 0.000000
0.001541 -0.006286
0.006156 -0.008619
0.013815 -0.008714
0.024472 -0.008848
0.038060 -0.009017
0.054497 -0.009223
0.073680 -0.009463
0.095492 -0.009736
0.119797 -0.010040
0.146447 -0.010373
0.175276 -0.010733
0.206107 -0.011119
0.238751 -0.011527
0.273005 -0.011955
0.308658 -0.012401
0.345492 -0.012862
0.383277 -0.013334
0.421783 -0.013816
0.460770 -0.014303
0.500000 -0.014794
0.539230 -0.015284
0.578217 -0.015772
0.616723 -0.016253
0.654508 -0.016726
0.691342 -0.017186
0.726995 -0.017632
0.761249 -0.018061
0.793893 -0.018469
0.824724 -0.018854
0.853553 -0.019215
0.880203 -0.019548
0.904508 -0.019852
0.926320 -0.020125
0.945503 -0.020365
0.961940 -0.020570
0.975528 -0.020740
0.986185 -0.020873
0.993844 -0.020969
0.998459 -0.021026
1.000000 0.000000
