SNACK SLW Platte z 67.6
1.000000 0.000000
0.998459 0.015459
0.993844 0.015459
0.986185 0.015458
0.975528 0.015457
0.961940 0.015455
0.945503 0.015453
0.926320 0.015451
0.904508 0.015448
0.880203 0.015445
0.853553 0.015442
0.824724 0.015438
0.793893 0.015434
0.761249 0.015430
0.726995 0.015426
0.691342 0.015422
0.654508 0.015417
0.616723 0.015412
0.578217 0.015408
0.539230 0.015403
0.500000 0.015398
0.460770 0.015393
0.421783 0.015389
0.383277 0.015384
0.345492 0.015379
0.308658 0.015375
0.273005 0.015370
0.238751 0.015366
0.206107 0.015362
0.175276 0.015358
0.146447 0.015355
0.119797 0.015351
0.095492 0.015348
0.073680 0.015346
0.054497 0.015343
0.038060 0.015341
0.024472 0.015340
0.013815 0.015338
0.006156 0.015337
0.001541 0.015337
0.000000 0.015337
0.001541 -0.015341
0.006156 -0.015354
0.013815 -0.015376
0.024472 -0.015407
0.038060 -0.015446
0.054497 -0.015493
0.073680 -0.015548
0.095492 -0.015571
0.119797 -0.015568
0.146447 -0.015564
0.175276 -0.015561
0.206107 -0.015557
0.238751 -0.015553
0.273005 -0.015549
0.308658 -0.015545
0.345492 -0.015540
0.383277 -0.015535
0.421783 -0.015531
0.460770 -0.015526
0.500000 -0.015521
0.539230 -0.015516
0.578217 -0.015511
0.616723 -0.015507
0.654508 -0.015502
0.691342 -0.015498
0.726995 -0.015493
0.761249 -0.015489
0.793893 -0.015485
0.824724 -0.015481
0.853553 -0.015478
0.880203 -0.015474
0.904508 -0.015471
0.926320 -0.015469
0.945503 -0.015466
0.961940 -0.015464
0.975528 -0.015463
0.986185 -0.015461
0.993844 -0.015460
0.998459 -0.015460
1.000000 -0.015460
