SNACK Fluegel y 308.0
1.000000 0.000000
0.998459 0.015281
0.993844 0.015586
0.986185 0.016091
0.975528 0.016793
0.961940 0.017689
0.945503 0.018773
0.926320 0.020038
0.904508 0.021476
0.880203 0.023078
0.853553 0.024835
0.824724 0.026736
0.793893 0.028769
0.761249 0.030921
0.726995 0.033179
0.691342 0.035530
0.654508 0.037959
0.616723 0.040450
0.578217 0.042988
0.539230 0.045559
0.500000 0.048145
0.460770 0.050732
0.421783 0.053218
0.383277 0.054483
0.345492 0.055328
0.308658 0.055958
0.273005 0.056340
0.238751 0.056488
0.206107 0.056016
0.175276 0.054662
0.146447 0.052895
0.119797 0.051067
0.095492 0.049211
0.073680 0.047545
0.054497 0.046080
0.038060 0.044825
0.024472 0.043787
0.013815 0.034625
0.006156 0.020241
0.001541 0.011574
0.000000 0.000000
0.001541 -0.000023
0.006156 -0.000094
0.013815 -0.000210
0.024472 -0.000372
0.038060 -0.000578
0.054497 -0.000827
0.073680 -0.001118
0.095492 -0.001449
0.119797 -0.001818
0.146447 -0.002222
0.175276 -0.002660
0.206107 -0.003127
0.238751 -0.003623
0.273005 -0.004142
0.308658 -0.004683
0.345492 -0.005242
0.383277 -0.005815
0.421783 -0.006399
0.460770 -0.006991
0.500000 -0.007586
0.539230 -0.008181
0.578217 -0.008772
0.616723 -0.009357
0.654508 -0.009930
0.691342 -0.010489
0.726995 -0.011029
0.761249 -0.011549
0.793893 -0.012044
0.824724 -0.012512
0.853553 -0.012949
0.880203 -0.013354
0.904508 -0.013722
0.926320 -0.014053
0.945503 -0.014344
0.961940 -0.014594
0.975528 -0.014800
0.986185 -0.014961
0.993844 -0.015078
0.998459 -0.015148
1.000000 0.000000
