SNACK HLW Platte y 108.0
1.000000 0.000000
0.998459 0.019566
0.993844 0.019566
0.986185 0.019566
0.975528 0.019566
0.961940 0.019566
0.945503 0.019566
0.926320 0.019566
0.904508 0.019566
0.880203 0.019566
0.853553 0.019566
0.824724 0.019566
0.793893 0.019566
0.761249 0.019566
0.726995 0.019566
0.691342 0.019566
0.654508 0.019566
0.616723 0.019566
0.578217 0.019566
0.539230 0.019566
0.500000 0.019566
0.460770 0.019566
0.421783 0.019566
0.383277 0.019566
0.345492 0.019566
0.308658 0.019566
0.273005 0.019566
0.238751 0.019566
0.206107 0.019566
0.175276 0.019566
0.146447 0.019566
0.119797 0.019566
0.095492 0.019566
0.073680 0.019566
0.054497 0.019566
0.038060 0.019566
0.024472 0.019566
0.013815 0.019566
0.006156 0.019566
0.001541 0.019566
0.000000 0.019566
0.001541 -0.019566
0.006156 -0.019566
0.013815 -0.019566
0.024472 -0.019566
0.038060 -0.019566
0.054497 -0.019566
0.073680 -0.019566
0.095492 -0.019566
0.119797 -0.019566
0.146447 -0.019566
0.175276 -0.019566
0.206107 -0.019566
0.238751 -0.019566
0.273005 -0.019566
0.308658 -0.019566
0.345492 -0.019566
0.383277 -0.019566
0.421783 -0.019566
0.460770 -0.019566
0.500000 -0.019566
0.539230 -0.019566
0.578217 -0.019566
0.616723 -0.019566
0.654508 -0.019566
0.691342 -0.019566
0.726995 -0.019566
0.761249 -0.019566
0.793893 -0.019566
0.824724 -0.019566
0.853553 -0.019566
0.880203 -0.019566
0.904508 -0.019566
0.926320 -0.019566
0.945503 -0.019566
0.961940 -0.019566
0.975528 -0.019566
0.986185 -0.019566
0.993844 -0.019566
0.998459 -0.019566
1.000000 0.000000
