SNACK Fluegel y 322.0
1.000000 0.000000
0.998459 0.015126
0.993844 0.015536
0.986185 0.016217
0.975528 0.017165
0.961940 0.018372
0.945503 0.019834
0.926320 0.021539
0.904508 0.023478
0.880203 0.025639
0.853553 0.028008
0.824724 0.030571
0.793893 0.033311
0.761249 0.036213
0.726995 0.039258
0.691342 0.042428
0.654508 0.045702
0.616723 0.049061
0.578217 0.052484
0.539230 0.055950
0.500000 0.059268
0.460770 0.062300
0.421783 0.065213
0.383277 0.067579
0.345492 0.069718
0.308658 0.071515
0.273005 0.073022
0.238751 0.074200
0.206107 0.075083
0.175276 0.075813
0.146447 0.076465
0.119797 0.076612
0.095492 0.076345
0.073680 0.076101
0.054497 0.075886
0.038060 0.075702
0.024472 0.065290
0.013815 0.038248
0.006156 0.018812
0.001541 0.005177
0.000000 0.000000
0.001541 -0.000023
0.006156 -0.000092
0.013815 -0.000207
0.024472 -0.000367
0.038060 -0.000570
0.054497 -0.000816
0.073680 -0.001104
0.095492 -0.001430
0.119797 -0.001794
0.146447 -0.002194
0.175276 -0.002625
0.206107 -0.003087
0.238751 -0.003576
0.273005 -0.004089
0.308658 -0.004623
0.345492 -0.005175
0.383277 -0.005740
0.421783 -0.006317
0.460770 -0.006901
0.500000 -0.007488
0.539230 -0.008076
0.578217 -0.008660
0.616723 -0.009237
0.654508 -0.009802
0.691342 -0.010354
0.726995 -0.010888
0.761249 -0.011401
0.793893 -0.011890
0.824724 -0.012352
0.853553 -0.012783
0.880203 -0.013182
0.904508 -0.013546
0.926320 -0.013873
0.945503 -0.014160
0.961940 -0.014407
0.975528 -0.014610
0.986185 -0.014770
0.993844 -0.014884
0.998459 -0.014954
1.000000 0.000000
